0.0
0.041198503226041794
0.11235955357551573
0.14606741070747375
0.2022471874952316
0.32209739089012146
0.3632958829402924
0.41385766863822937
0.42696627974510193
0.4850187301635742
0.5112359523773192
0.5205992460250854
0.5486891269683838
0.5992509126663208
0.6067415475845337
0.6404494643211365
0.6647940278053284
0.730337083339691
0.7808988690376282
0.8520599007606505
0.8970037698745726
0.9531835317611694
0.9700374603271484
1.0
0.9925093650817872
0.9850187301635742
0.9438202381134032
0.8988764286041259
0.8239700198173523
0.7528089880943297
0.7116104960441588
0.6666666865348816
0.6029962301254272
0.5767790079116821
0.5973782539367676
0.670412003993988
0.5955055952072144
0.5131086111068726
0.42322096228599543
0.2771535515785217
0.11985018849372864
0.08239700645208359
0.02247191034257412
0.03932584449648857
0.05430711433291435
0.06367041170597076
0.1985018700361252
0.30337077379226685
0.3558052480220794
0.0
0.0
0.0
0.0
0.0
0.0
0.0
0.0
0.0
0.0
0.0
0.0
0.0
0.0
0.0
0.0
0.0
0.0
0.0
0.0
0.0
0.0
0.0
0.0
0.0
0.0
0.0
0.0
0.0
0.0
0.0
0.0
0.0
0.0
0.0
0.0
0.0
0.0
0.0
0.0
0.0
0.0
0.0
0.0
0.0
0.0
0.0
0.0
0.0
0.0
0.0
0.0
0.0
0.0
0.0
0.0
0.0
0.0
0.0
0.0
0.0
0.0
0.0
0.0
0.0
0.0
0.0
0.0
0.0
0.0
0.0
0.0
0.0
0.0
0.0
0.0
0.0
0.0
0.0
0.0
0.0
0.0
0.0
0.0
0.0
0.0
0.0
0.0
0.0
0.0
0.0
0.0
0.0
0.0
0.0
0.0
0.0
0.0
0.0
0.0
0.0
0.0
0.0
0.0
0.0
0.0
0.0
0.0
0.0
0.0
0.0
0.0
0.0
0.0
0.0
0.0
0.0
0.0
0.0
0.0
0.0
0.0
0.0
0.0
0.0
0.0
0.0
0.0
0.0
0.0
0.0
0.0
0.0
0.0
0.0
0.0
0.0
0.0
