1.0
0.8691357970237733
0.5407407283782959
0.31604939699172974
0.13333334028720856
0.10370370000600813
0.10370370000600813
0.10864197462797164
0.101234570145607
0.10864197462797164
0.08888889104127885
0.09876543283462524
0.08148147910833359
0.08395061641931532
0.07407407462596893
0.07160493731498718
0.06419753283262253
0.059259258210659034
0.04444444552063941
0.04938271641731262
0.037037037312984473
0.03456790000200272
0.022222222760319706
0.032098766416311264
0.017283950001001358
0.009876543655991554
0.009876543655991554
0.009876543655991554
0.0
0.004938271827995777
0.0074074072763323775
0.01975308731198311
0.012345679104328156
0.032098766416311264
0.029629629105329517
0.05185185000300408
0.056790124624967575
0.08641975373029709
0.08148147910833359
0.10864197462797164
0.10617283731698988
0.12345679104328156
0.12345679104328156
0.13827160000801086
0.1358024626970291
0.1407407373189926
0.1407407373189926
0.1407407373189926
0.13827160000801086
0.14320987462997437
0.14320987462997437
0.1407407373189926
0.1308642029762268
0.1358024626970291
0.1308642029762268
0.1407407373189926
0.11851851642131804
0.1308642029762268
0.12345679104328156
0.1358024626970291
0.1308642029762268
0.13333334028720856
0.1259259283542633
0.13333334028720856
0.1209876537322998
0.1259259283542633
0.1209876537322998
0.1308642029762268
0.1259259283542633
0.14567901194095612
0.1407407373189926
0.15555556118488312
0.14320987462997437
0.16790123283863068
0.17037037014961243
0.17777778208255768
0.15308642387390137
0.15555556118488312
0.14320987462997437
0.14320987462997437
0.13827160000801086
0.1407407373189926
0.13333334028720856
0.14814814925193787
0.15555556118488312
0.15555556118488312
0.1506172865629196
0.15555556118488312
0.15308642387390137
0.16049382090568542
0.15802469849586487
0.16543209552764893
0.16049382090568542
0.16296295821666715
0.1851851791143417
0.2790123522281647
0.4246913492679596
0.9728395342826844
0.8074073791503905
0.9160493612289428
0.6962962746620177
0.45432099699974066
0.23456789553165436
0.1407407373189926
0.1160493791103363
0.1209876537322998
0.11358024924993516
0.12345679104328156
0.11358024924993516
0.10864197462797164
0.101234570145607
0.09876543283462524
0.08888889104127885
0.08888889104127885
0.07901234924793243
0.07901234924793243
0.06666667014360428
0.07654321193695068
0.0
0.0
0.0
0.0
0.0
0.0
0.0
0.0
0.0
0.0
0.0
0.0
0.0
0.0
0.0
0.0
0.0
0.0
0.0
0.0
0.0
0.0
0.0
0.0
0.0
0.0
0.0
0.0
0.0
0.0
0.0
0.0
0.0
0.0
0.0
0.0
0.0
0.0
0.0
0.0
0.0
0.0
0.0
0.0
0.0
0.0
0.0
0.0
0.0
0.0
0.0
0.0
0.0
0.0
0.0
0.0
0.0
0.0
0.0
0.0
0.0
0.0
0.0
0.0
0.0
0.0
0.0
0.0
0.0
