0.8681135177612304
1.0
0.7813021540641784
0.35559266805648804
0.20701168477535248
0.17696160078048706
0.14524206519126892
0.14023372530937195
0.12687812745571136
0.13188648223876953
0.1218697801232338
0.12020033597946166
0.11185308545827864
0.1218697801232338
0.10684473812580109
0.11018364131450652
0.09015025198459624
0.09515859931707382
0.07846410572528838
0.08514190465211868
0.07679465413093568
0.08180300146341325
0.07846410572528838
0.09515859931707382
0.10183639079332352
0.1285475790500641
0.13188648223876953
0.16360600292682648
0.1736226975917816
0.1953255385160446
0.1919866502285004
0.20200334489345553
0.1919866502285004
0.1969949901103973
0.18864774703979487
0.1919866502285004
0.18363939225673676
0.1919866502285004
0.18697829544544217
0.19365608692169187
0.18697829544544217
0.19031719863414764
0.18363939225673676
0.19365608692169187
0.18697829544544217
0.20200334489345553
0.20701168477535248
0.2420701235532761
0.2821368873119354
0.3589315414428711
0.4290484189987183
0.5275459289550781
0.6010016798973083
0.6978297233581543
0.7595993280410767
0.7545909881591795
0.6844741106033325
0.6494156718254088
0.6026711463928223
0.6110183596611023
0.5909850001335144
0.47412353754043574
0.26210349798202515
0.1502504199743271
0.1001669466495514
0.08848080039024353
0.060100167989730835
0.05509182065725327
0.03839732706546784
0.04006677865982056
0.018363939598202705
0.01669449172914028
0.0
0.0
0.0
0.0
0.0
0.0
0.0
0.0
0.0
0.0
0.0
0.0
0.0
0.0
0.0
0.0
0.0
0.0
0.0
0.0
0.0
0.0
0.0
0.0
0.0
0.0
0.0
0.0
0.0
0.0
0.0
0.0
0.0
0.0
0.0
0.0
0.0
0.0
0.0
0.0
0.0
0.0
0.0
0.0
0.0
0.0
0.0
0.0
0.0
0.0
0.0
0.0
0.0
0.0
0.0
0.0
0.0
0.0
0.0
0.0
0.0
0.0
0.0
0.0
0.0
0.0
0.0
0.0
0.0
0.0
0.0
0.0
0.0
0.0
0.0
0.0
0.0
0.0
0.0
0.0
0.0
0.0
0.0
0.0
0.0
0.0
0.0
0.0
0.0
0.0
0.0
0.0
0.0
0.0
0.0
0.0
0.0
0.0
0.0
0.0
0.0
0.0
0.0
0.0
0.0
0.0
0.0
0.0
0.0
0.0
0.0
0.0
0.0
0.0
0.0
